# BT549_rep2__HMEC_rep2.txt
# 
         7.420790015970858e-01
         7.916422012295811e-01
         7.300238318668720e-01
         6.870206479423157e-01
         7.788818362704566e-01
         8.219666038798293e-01
         7.310079440365894e-01
         7.513461284858182e-01
         7.675390193775669e-01
         6.563301546754999e-01
         7.081978223789915e-01
         7.797516736649844e-01
         7.093209172101651e-01
         8.110730567955002e-01
         7.563005066153073e-01
         7.678041957832007e-01
         5.484554858959091e-01
         6.755989538512073e-01
         7.654936389550540e-01
         6.856652328517631e-01
         8.148720397461069e-01
         8.081511095202828e-01
         4.923987745074298e-01
         6.259961809287414e-01
