# BT549_rep2__MB231.txt
# 
         7.142766947304821e-01
         6.200899917514089e-01
         7.416868994844120e-01
         5.997433690130564e-01
         5.229515879721239e-01
         7.124116647286450e-01
         6.651848021618663e-01
         6.499684902025635e-01
         5.647391444475259e-01
         5.990382940072435e-01
         5.944227757897127e-01
         6.462629456053790e-01
         7.220584661210321e-01
         7.558659677600367e-01
         7.140837171250607e-01
         7.326358663032116e-01
         5.739810598815253e-01
         5.795217352254024e-01
         7.520638961684883e-01
         7.038776059903287e-01
         6.919885049036113e-01
         8.197541735844591e-01
         2.891439005341557e-01
         7.086632994767849e-01
