# BT549_rep2__HCC70_rep1.txt
# 
         6.984529475725276e-01
         7.349296931687191e-01
         3.957591133370149e-01
         5.341832723442589e-01
         3.539043892030942e-01
         6.673987539399672e-01
         7.234609326925644e-01
         5.414922101769062e-01
         8.333119811770593e-01
         5.300276022529709e-01
         7.305045548480658e-01
         6.650939334529192e-01
         6.345763320266846e-01
         6.207423721319034e-01
         7.767470086719337e-01
         7.687278167553133e-01
         5.087356379560163e-01
         5.210332248807149e-01
         7.104411591140741e-01
         6.909527747988302e-01
         7.025094646694882e-01
         7.847971357428959e-01
         5.632624120393402e-01
         4.541243874216251e-01
