# BT549_rep1__HCC70_rep2.txt
# 
         7.031435453645581e-01
         7.457902975365011e-01
         4.077681930183888e-01
         5.469841798449058e-01
         3.641805104294031e-01
         6.788843319550765e-01
         7.280701706067534e-01
         5.510758206536008e-01
         8.298449442512991e-01
         5.414566939538824e-01
         7.277717561534582e-01
         6.793846460831688e-01
         6.314403734318851e-01
         6.253343866517757e-01
         7.590318264716704e-01
         7.648031154499241e-01
         4.932759177002572e-01
         5.290573315305407e-01
         6.997951856759784e-01
         6.825940316534423e-01
         7.388623014396276e-01
         7.978100414291146e-01
         5.662037464384958e-01
         1.785529353913862e-01
