# BT549_rep1__HMEC_rep1.txt
# 
         7.496132773943226e-01
         7.617148672504267e-01
         7.240034423006475e-01
         6.676941026295081e-01
         7.720071976844306e-01
         8.035370964789541e-01
         7.197598102458883e-01
         7.118746231098800e-01
         7.609254976393338e-01
         6.146885283039308e-01
         6.992966280358726e-01
         7.339437766081131e-01
         6.965837680961069e-01
         7.939644211643608e-01
         7.245224465319537e-01
         7.497107571952863e-01
         5.751168440477312e-01
         6.539433580337368e-01
         7.675195287881442e-01
         7.031872038546657e-01
         8.096927033569071e-01
         8.264975087731399e-01
         5.451741150722260e-01
         5.754550480532478e-01
