# BT549_rep1__BT549_rep2.txt
# 
         9.609616755933744e-01
         9.374168627815200e-01
         9.604129713793746e-01
         9.607412284626100e-01
         9.639800860656398e-01
         9.663184425088613e-01
         9.649337063208039e-01
         9.694942951623037e-01
         9.836965302816324e-01
         9.732422489318363e-01
         9.680940765631103e-01
         9.390123796461627e-01
         9.647558133406454e-01
         9.548340332636031e-01
         9.449182941232896e-01
         9.710061191514315e-01
         9.741840229994705e-01
         9.500816811690851e-01
         9.236939940182887e-01
         9.512741021368365e-01
         9.569449761958055e-01
         9.479055986487439e-01
         9.701518717230236e-01
         5.191910924046549e-01
