# BT549_rep2__HCC70_rep2.txt
# 
         7.042939517768463e-01
         7.399749002986461e-01
         4.047106218886102e-01
         5.400368092657135e-01
         3.669517429892750e-01
         6.791853800882820e-01
         7.291473131950261e-01
         5.547129386865483e-01
         8.330140731451992e-01
         5.394271800030549e-01
         7.355502805082722e-01
         6.860679331335395e-01
         6.269392057068157e-01
         6.304594902596320e-01
         7.744280611076604e-01
         7.763357685951016e-01
         4.927033137189847e-01
         5.325428353164691e-01
         7.014881816882504e-01
         6.904407874559350e-01
         7.306508855660847e-01
         7.934199346562392e-01
         5.662283874152665e-01
         4.367085888733953e-01
