# BT549_rep2__HMEC_rep1.txt
# 
         7.511307407954237e-01
         7.690533177767079e-01
         7.306679839595398e-01
         6.637105454095085e-01
         7.723526559359944e-01
         8.091591184950748e-01
         7.225805858542421e-01
         7.201506789113699e-01
         7.655601419468656e-01
         6.235751281376921e-01
         7.146191223163528e-01
         7.396370690279505e-01
         7.007458982504192e-01
         8.035813507606048e-01
         7.433386498575864e-01
         7.596932932467045e-01
         5.823290672658396e-01
         6.603340133726492e-01
         7.714237721357130e-01
         7.128844774133248e-01
         8.201363153566241e-01
         8.212559843038663e-01
         5.444761968566094e-01
         6.567851836996896e-01
