# BT549_rep1__HMEC_rep2.txt
# 
         7.420807093218235e-01
         7.893045892795071e-01
         7.264264854476725e-01
         6.915492945430062e-01
         7.808711016031205e-01
         8.185423782155216e-01
         7.313913905569815e-01
         7.467590538611837e-01
         7.650220113375776e-01
         6.505150144874434e-01
         6.930507655231564e-01
         7.782158247410379e-01
         7.044185946743949e-01
         8.044449765927782e-01
         7.403108946434668e-01
         7.642149964898265e-01
         5.447554240995650e-01
         6.688208242014160e-01
         7.603605954848940e-01
         6.781636768636113e-01
         8.087219286460764e-01
         8.138802250518763e-01
         4.939637293149520e-01
         3.774656609671537e-01
