# BT549_rep1__HCC70_rep1.txt
# 
         6.981584640257575e-01
         7.391032969713561e-01
         3.996799371530880e-01
         5.408619578779010e-01
         3.507335890859428e-01
         6.672558012998072e-01
         7.232043577624231e-01
         5.371980932217508e-01
         8.305345253846340e-01
         5.308796940090112e-01
         7.235220539861412e-01
         6.593982131809314e-01
         6.402262733226699e-01
         6.145090875534905e-01
         7.606780638179598e-01
         7.562490472144628e-01
         5.079832988620294e-01
         5.194360340254854e-01
         7.074314691597251e-01
         6.824336385148765e-01
         7.136854426900348e-01
         7.878422414221512e-01
         5.639062070883378e-01
         2.895410675388030e-01
