# BT549_rep1__MB231.txt
# 
         7.162748240646019e-01
         6.196612710842427e-01
         7.424358487954985e-01
         6.087371769602962e-01
         5.261130027414213e-01
         7.120947122251220e-01
         6.716629499883571e-01
         6.417181427085099e-01
         5.707418020675878e-01
         5.895678001831055e-01
         5.865406379967149e-01
         6.603795423212352e-01
         7.196094396027243e-01
         7.455417210893365e-01
         7.082266820621498e-01
         7.247470031471371e-01
         5.753618973533106e-01
         5.746641073679563e-01
         7.573052146415842e-01
         6.983820942669112e-01
         7.046801129199908e-01
         8.195283001677953e-01
         3.094530616443120e-01
         3.906105271258821e-01
