# HCC70_rep1__MB231.txt
# 
         7.033758631090361e-01
         6.151889341873064e-01
         4.303380236467209e-01
         6.243030997058900e-01
         6.813358172173090e-01
         7.027641913596392e-01
         6.585697970468261e-01
         5.200089964408851e-01
         4.889017107640078e-01
         2.602064754391032e-01
         5.096555535387832e-01
         6.568685522990989e-01
         6.705660756810224e-01
         6.261421562084902e-01
         7.075721661100348e-01
         8.410309682341199e-01
         8.084017698348392e-01
         5.511453044010878e-01
         7.787533414067400e-01
         7.078485821426216e-01
         6.132882927884477e-01
         7.429719935959741e-01
         4.342434422600790e-01
         4.560916708510397e-01
