# HCC70_rep1__HCC70_rep1.txt
# 
         1.000000000000000e+00
         1.000000000000000e+00
         1.000000000000000e+00
         1.000000000000000e+00
         1.000000000000000e+00
         1.000000000000000e+00
         9.999999999999998e-01
         1.000000000000000e+00
         9.999999999999999e-01
         9.999999999999998e-01
         9.999999999999998e-01
         1.000000000000000e+00
         1.000000000000000e+00
         9.999999999999999e-01
         1.000000000000000e+00
         1.000000000000000e+00
         1.000000000000000e+00
         9.999999999999998e-01
         1.000000000000000e+00
         1.000000000000000e+00
         1.000000000000000e+00
         1.000000000000000e+00
         1.000000000000000e+00
         7.782404653314825e-01
