# HCC70_rep1__HMEC_rep2.txt
# 
         6.969065796870774e-01
         7.663237910823140e-01
         4.944648326609475e-01
         6.575875027362958e-01
         3.673585793208506e-01
         6.760984736473558e-01
         6.892409914760369e-01
         5.074974756577981e-01
         7.252899840517197e-01
         5.098354145514139e-01
         6.098285022819704e-01
         6.563351216247182e-01
         6.333221309417081e-01
         6.940971813089584e-01
         7.586583590213029e-01
         7.443790303041656e-01
         7.679390340871919e-01
         5.607787120030731e-01
         7.322463808377295e-01
         6.221008847395494e-01
         6.726543287848366e-01
         7.213568780068713e-01
         5.751344066853018e-01
         4.107079079785245e-01
