# HCC70_rep2__HMEC_rep1.txt
# 
         7.434764093910825e-01
         7.399772245009395e-01
         4.817020967514204e-01
         6.564081129742837e-01
         3.927828276589581e-01
         6.780170802796854e-01
         7.043744432859623e-01
         4.844950292784814e-01
         7.223504523291843e-01
         5.030748273093527e-01
         6.284046273350169e-01
         6.544971281002299e-01
         6.368091361852461e-01
         7.012559632705876e-01
         7.539946644699247e-01
         7.546064457361288e-01
         7.978247073092892e-01
         5.633728019276482e-01
         7.524574272641954e-01
         6.669092999817839e-01
         6.783293053731272e-01
         7.319761562722269e-01
         6.038674299525245e-01
         3.661671465866045e-01
