# HCC70_rep1__HMEC_rep1.txt
# 
         7.320039159122580e-01
         7.437931468569401e-01
         4.715384337133995e-01
         6.584260223878737e-01
         3.839678723110949e-01
         6.747322315521771e-01
         7.047563685079452e-01
         4.749581701789548e-01
         7.260446321502393e-01
         4.962910537370051e-01
         6.135346746936711e-01
         6.626033785497648e-01
         6.234302421470415e-01
         7.033065822149676e-01
         7.614869359861787e-01
         7.502313806854083e-01
         7.912733765932224e-01
         5.574338267553145e-01
         7.594425929664017e-01
         6.452643531321763e-01
         6.554323889905528e-01
         7.243028212641796e-01
         5.996201287226348e-01
         3.984089774879354e-01
