# HCC70_rep1__HCC70_rep2.txt
# 
         9.807356876022708e-01
         9.809224470642015e-01
         9.891944740393716e-01
         9.674402018833453e-01
         9.927125011776913e-01
         9.818186979471848e-01
         9.821008087172024e-01
         9.902022745152743e-01
         9.920145414006514e-01
         9.926587310859678e-01
         9.823327672466958e-01
         9.762537448805686e-01
         9.788809971051372e-01
         9.784709858919466e-01
         9.839978981702651e-01
         9.889537923267486e-01
         9.768041800948710e-01
         9.780421744739288e-01
         9.887659253574178e-01
         9.803666435449033e-01
         9.787552684069992e-01
         9.835515233453346e-01
         9.765167753824916e-01
         2.028719074465718e-01
