# HCC70_rep2__MB231.txt
# 
         6.786554866562918e-01
         5.910390011733866e-01
         4.192324724773543e-01
         6.030194855321723e-01
         6.660182224245919e-01
         6.828671202559153e-01
         6.241012086186482e-01
         5.025479480900215e-01
         4.604696378194550e-01
         2.630510663861290e-01
         5.144494079467142e-01
         6.220715161054700e-01
         6.783173152608749e-01
         5.957879175653197e-01
         6.916815787026301e-01
         8.326523541475558e-01
         8.077176230785544e-01
         5.388582596779380e-01
         7.730116394257898e-01
         6.654913968388877e-01
         6.103605183063241e-01
         7.370217304644437e-01
         4.209819735593779e-01
         4.316430065140618e-01
