# HCC70_rep2__HMEC_rep2.txt
# 
         7.267716188873778e-01
         7.772064251116684e-01
         5.108910202858631e-01
         6.691501260410652e-01
         3.824971115811580e-01
         6.887750144940215e-01
         7.140526666701282e-01
         5.255686776840492e-01
         7.262410644883057e-01
         5.251576108584868e-01
         6.376843630995447e-01
         6.753136271966023e-01
         6.536469907332036e-01
         7.028135839680417e-01
         7.591092330394416e-01
         7.576254633513930e-01
         7.888127904588399e-01
         5.752699188567800e-01
         7.327089385679519e-01
         6.585481952058304e-01
         6.998370735386696e-01
         7.405878506943929e-01
         5.868726230010455e-01
         3.612370599806247e-01
