# HMEC_rep1__HMEC_rep2.txt
# 
         9.546582358303529e-01
         9.584178599462883e-01
         9.680039782044327e-01
         9.589780796223604e-01
         9.622154939978169e-01
         9.640283543038223e-01
         9.484675655729475e-01
         9.459358549411877e-01
         9.707297407599920e-01
         9.609869379793129e-01
         9.627010540562230e-01
         9.379652672604111e-01
         9.561064566078524e-01
         9.663731126173501e-01
         9.615654491056330e-01
         9.698371759641550e-01
         9.660078365276172e-01
         9.572535097994108e-01
         9.574148001882014e-01
         9.503620569884600e-01
         9.719967689713742e-01
         9.519232373887001e-01
         9.453850640928262e-01
         4.640152970200421e-01
