# HMEC_rep1__HMEC_rep1.txt
# 
         9.999999999999999e-01
         1.000000000000000e+00
         1.000000000000000e+00
         9.999999999999999e-01
         9.999999999999999e-01
         1.000000000000000e+00
         1.000000000000000e+00
         1.000000000000000e+00
         1.000000000000000e+00
         1.000000000000000e+00
         9.999999999999998e-01
         1.000000000000000e+00
         1.000000000000000e+00
         1.000000000000000e+00
         1.000000000000000e+00
         1.000000000000000e+00
         1.000000000000000e+00
         1.000000000000000e+00
         1.000000000000000e+00
         1.000000000000000e+00
         9.999999999999998e-01
         1.000000000000000e+00
         1.000000000000000e+00
         7.424381301558206e-01
