# MB231__HMEC_rep1.txt
# 
         7.043006028828169e-01
         6.402196076407152e-01
         6.424765871946827e-01
         6.767423479473944e-01
         5.265196044162563e-01
         6.934359308178172e-01
         7.241625067972458e-01
         6.514677273089531e-01
         7.076166186782342e-01
         6.946451745503093e-01
         6.620154349760820e-01
         6.707968228162947e-01
         7.074834232265906e-01
         7.490248733407645e-01
         6.786569654309995e-01
         7.220683064502020e-01
         8.215607345169453e-01
         6.368095574366585e-01
         7.714464014514119e-01
         4.697709480670897e-01
         6.600834656323480e-01
         8.336278770019311e-01
         5.975145131952759e-01
         5.415389188669780e-01
