# MB231__HMEC_rep2.txt
# 
         6.521013455455346e-01
         6.259420499547761e-01
         6.260610139999724e-01
         6.637899674576411e-01
         4.880885386662749e-01
         6.823471430224379e-01
         6.737562088543543e-01
         6.274218534178283e-01
         6.842868516919119e-01
         6.822151143562818e-01
         6.659287451438249e-01
         6.134512466395275e-01
         7.181764976053066e-01
         7.396650027766685e-01
         6.484077429408417e-01
         7.223921723777099e-01
         8.120432196531875e-01
         6.308826148308312e-01
         7.393944921026352e-01
         4.265156058258390e-01
         6.825163123498661e-01
         7.921845920547935e-01
         5.808050482404206e-01
         6.732979088509444e-01
