# MB231__MB231.txt
# 
         9.999999999999999e-01
         1.000000000000000e+00
         1.000000000000000e+00
         9.999999999999999e-01
         1.000000000000000e+00
         1.000000000000000e+00
         1.000000000000000e+00
         1.000000000000000e+00
         9.999999999999998e-01
         1.000000000000000e+00
         9.999999999999998e-01
         1.000000000000000e+00
         9.999999999999999e-01
         1.000000000000000e+00
         9.999999999999997e-01
         9.999999999999998e-01
         9.999999999999998e-01
         1.000000000000000e+00
         1.000000000000000e+00
         1.000000000000000e+00
         9.999999999999998e-01
         1.000000000000000e+00
         1.000000000000000e+00
         8.825389900752534e-01
