# #/mnt/disk4/haitao/miniconda3/envs/hicexplorer/bin/hicrep --binSize 10000 --h 10 --dBPMax 5000000 /mnt/disk4/haitao/bysj_seu/geo_data/hic/script5/raw_geo_data//BT549.mcool /mnt/disk4/haitao/bysj_seu/geo_data/hic/script5/raw_geo_data//HCC70.mcool BT549_HCC70.txt
# 
         6.877279898865747e-01
         7.117900304465388e-01
         4.184004151048814e-01
         5.432694119853603e-01
         3.726484089358710e-01
         7.004035006930521e-01
         7.106734296237902e-01
         5.262291601957472e-01
         7.938039361091587e-01
         5.625386551202702e-01
         7.115044953259040e-01
         6.566761627501672e-01
         6.261706963752415e-01
         6.063466313782254e-01
         7.409356341057853e-01
         7.449819817171103e-01
         5.405106789850735e-01
         5.071282237293964e-01
         6.574247724310206e-01
         6.553477595580539e-01
         6.988265797944382e-01
         7.612611043583680e-01
         5.640504496451428e-01
         4.574395253972141e-01
