# #/mnt/disk4/haitao/miniconda3/envs/hicexplorer/bin/hicrep --binSize 10000 --h 10 --dBPMax 5000000 /mnt/disk4/haitao/bysj_seu/geo_data/hic/script5/raw_geo_data//BT549.mcool /mnt/disk4/haitao/bysj_seu/geo_data/hic/script5/raw_geo_data//HMEC.mcool BT549_HMEC.txt
# 
         7.531350432308177e-01
         7.610550089376441e-01
         7.246148303008901e-01
         6.793135229794631e-01
         7.708934768337190e-01
         8.040195628290799e-01
         7.314485484603143e-01
         7.501210099995248e-01
         7.627155026265634e-01
         6.859320370078884e-01
         7.195532630388256e-01
         7.454729786694538e-01
         7.056750910864620e-01
         7.902711865265472e-01
         7.316956446491362e-01
         7.909052596472050e-01
         6.357662738407179e-01
         6.468577781249382e-01
         7.556566598636443e-01
         7.102519431107986e-01
         7.978018291989531e-01
         7.983180493004280e-01
         5.428313815934580e-01
         5.582448219154611e-01
