# #/mnt/disk4/haitao/miniconda3/envs/hicexplorer/bin/hicrep --binSize 10000 --h 10 --dBPMax 5000000 /mnt/disk4/haitao/bysj_seu/geo_data/hic/script5/raw_geo_data//HCC70.mcool /mnt/disk4/haitao/bysj_seu/geo_data/hic/script5/raw_geo_data//HMEC.mcool HCC70_HMEC.txt
# 
         7.196532191710858e-01
         7.456877154756224e-01
         4.978207743021078e-01
         6.573685655440696e-01
         3.970717824713946e-01
         6.948589305885073e-01
         7.082552871316525e-01
         4.967795919504056e-01
         7.135701157269609e-01
         5.479262223319729e-01
         6.344465850807915e-01
         6.651117976076475e-01
         6.328095841342198e-01
         6.943801259234091e-01
         7.472219618599575e-01
         7.410729764652232e-01
         7.800908776918413e-01
         5.573770016317969e-01
         7.335760371832114e-01
         6.417937920599147e-01
         6.596167034608983e-01
         7.157641877368339e-01
         5.983332234792698e-01
         5.565166540718263e-01
