[0.5966689663703574, 0.5939842817917634, 0.6015854146756244, 0.6250188087012957, 0.6384654058529496, 0.6211473431769502, 0.6176867727680179, 0.6335666402315129, 0.7004568283343149, 0.8262738171292584, 0.930331556939777, 0.8135496124292605, 0.677769214873998, 0.6036344286017439, 0.5428990434514149, 0.5142244238417063, 0.4741485101723687, 0.46148406422802296, 0.4387491282917961, 0.43042535478819494, 0.4319538873290341]
[0.6436289261007094, 0.6309930680568648, 0.6373898057994005, 0.6536402940993381, 0.6364920658165822, 0.6389653563674553, 0.6437377800541868, 0.6932806420161407, 0.721636438170799, 0.830839924087727, 0.9636239816033548, 0.8809162972301339, 0.7149826955109635, 0.6090535613398537, 0.5517196134787221, 0.5289599399829493, 0.5004213258557595, 0.4713730301829927, 0.4755616469842527, 0.45159158628498874, 0.4386429688833993]
[0.6798885117047264, 0.6438791245521452, 0.664133369197858, 0.6520571581513689, 0.6621556004036745, 0.6858717451264549, 0.6818015787934039, 0.7007282771813312, 0.7675718116887282, 0.8799921400503153, 1.0502526201840359, 0.8900122883474603, 0.7454329820091409, 0.656717016156343, 0.5817594205282453, 0.5555703509672364, 0.5115137610379198, 0.4970043260426238, 0.48392366994666786, 0.4475024858211613, 0.4567277379450032]
[0.6976567121036342, 0.6849046380922023, 0.6906393368642719, 0.6938357041569816, 0.7078813994070235, 0.6797888248386889, 0.6986823842871587, 0.722129084598204, 0.7973438977380289, 0.9334160279146734, 1.0720359465514693, 0.9462510496420821, 0.7666123428524795, 0.6607176978597226, 0.589140614224345, 0.551522487634606, 0.5323010794180439, 0.5068007762252522, 0.5063643206019881, 0.4718398233740706, 0.4702584874981707]
[0.741841126864765, 0.7219923956319536, 0.7245478921188296, 0.7378353642279217, 0.7381283417132212, 0.7090208030851559, 0.7379107008174398, 0.7652729395980253, 0.8609507377549723, 0.9620622696557911, 1.1694145309753583, 0.9787890280520124, 0.8133133741554458, 0.7028056833676622, 0.6193344616085112, 0.5807234215600522, 0.5571362279024293, 0.5335708921656973, 0.49825238127684485, 0.49457879604768734, 0.4921757372419356]
[0.7628689577177908, 0.7488736667451796, 0.7328873472621414, 0.7367012472448135, 0.7554340657547616, 0.7588731241365807, 0.7766313491951387, 0.7852195382888119, 0.8610304668852506, 0.989460447332041, 1.097599302806547, 0.9535482304318982, 0.805200688376795, 0.7090322416249758, 0.6518811725897782, 0.5989228092287798, 0.5725623734095839, 0.5330722927523974, 0.5363337431955323, 0.5232584673825019, 0.49344784062121316]
[0.8487783113266061, 0.808655599431798, 0.8129090842175581, 0.8064541621599388, 0.8201962782663411, 0.7965512180241984, 0.8348642494782385, 0.8781107721568334, 0.9154275075577887, 1.0680298412498719, 1.255639089188458, 1.0956636372424822, 0.8986493511651025, 0.7761766763466905, 0.7068520231411567, 0.6525861670047994, 0.6128934652434046, 0.5805060255346658, 0.5775013297094528, 0.5547470725164757, 0.5266415633491394]
[0.9205195631414426, 0.909983334701952, 0.9014444356433287, 0.885758408324227, 0.9378813297089549, 0.8734841487115992, 0.9044222388863732, 0.9405071215220232, 1.0280228563251066, 1.225460360899442, 1.412852871653952, 1.2448811775685453, 1.0038344472227372, 0.882084795487882, 0.7760664685985317, 0.7184861986058335, 0.6843832345714441, 0.6465918611849324, 0.6298303017528478, 0.6110029033186742, 0.5787074901348802]
[1.0935392251650122, 1.079805820148699, 1.064770952818253, 1.0668713282618643, 1.0910557891406492, 1.0295065182869976, 1.0536380286597054, 1.1110857699011691, 1.2887343232982038, 1.5648785123319866, 1.8452161905199291, 1.6377723892521128, 1.2179330367349341, 0.9953062768488432, 0.887822385778575, 0.8007756164474761, 0.7667334557827623, 0.754327043679044, 0.7268817828948104, 0.6815645934271768, 0.6747352884058687]
[1.3744235842815862, 1.3678049491768358, 1.3485616741049005, 1.3868101144850398, 1.3845808335433423, 1.2975458108711924, 1.351739977644494, 1.4199172656790855, 1.6768704244434194, 2.24431083381558, 2.912584563253688, 2.3456224578973637, 1.6294488221963996, 1.258890193320875, 1.104945868149496, 0.9752609995408874, 0.9718921821863858, 0.950505115132858, 0.8911110116683194, 0.8420090314452315, 0.8025589795594175]
[1.6996733814242786, 1.6532462244521375, 1.6342176536553803, 1.7372312808275638, 1.6680102823021448, 1.5129762026005495, 1.5775748282253967, 1.6991306764477287, 2.0520277980438277, 2.875229871288245, 3.895675008196712, 2.905133894912952, 1.8893346065093506, 1.475384042813922, 1.2346984174852629, 1.127109898454966, 1.147119196801741, 1.0851484345364355, 1.0287305822734023, 0.9684398073598129, 0.9275224098694151]
[1.5288430785657954, 1.4638680315725257, 1.4717041052793272, 1.503256456946518, 1.470525976383371, 1.3671118262099544, 1.407694929102794, 1.4988988880323624, 1.7642002680530697, 2.27345920241728, 2.750181130234929, 2.2140573561516237, 1.5371425336085052, 1.2113505220329963, 1.077823455195833, 0.9472851362970902, 0.9522340351301598, 0.9145358734247734, 0.8941901192761922, 0.8388656058012395, 0.7821884580778103]
[1.3461463378395038, 1.3077541609062897, 1.2978369345634997, 1.2814642556772053, 1.2938914618459565, 1.1919029743479346, 1.2572914425513013, 1.3404632474061189, 1.4627886916690898, 1.7945247823060733, 2.064019040440941, 1.6869028500586558, 1.283050311857428, 1.0544858062841829, 0.9383127410529224, 0.8549015145231609, 0.8435757702379123, 0.7896619719350616, 0.7617354711202161, 0.7294240151588313, 0.6913837361069647]
[1.2547899264947264, 1.1963524044340326, 1.2060039301840801, 1.2300641940019263, 1.1747982225740128, 1.1422679377416787, 1.1543646557614669, 1.2140991120910756, 1.3091203746728235, 1.5602973613618134, 1.7143855386786508, 1.4631203280533767, 1.126195455574028, 0.9952690483431845, 0.8433124002122336, 0.7981053428147393, 0.757654095424316, 0.7374279644146711, 0.6997453740986609, 0.6799734262684622, 0.6419504991705982]
[1.1946586573120248, 1.1566393556070969, 1.1369106383125638, 1.136897159562864, 1.1405344235499781, 1.0935583027742592, 1.1102462350929347, 1.1650882008691923, 1.2803522553824827, 1.4295152524733412, 1.5899653738078732, 1.336310565148646, 1.061893286745651, 0.8853206810249504, 0.8390411662268209, 0.7571501626089822, 0.7168331747081639, 0.6965762268663619, 0.6681322265601909, 0.6479794736552847, 0.6247681225954991]
[1.1763539440322606, 1.1482381131425519, 1.1563677830161916, 1.140047321497852, 1.146313318077274, 1.1135283257477941, 1.1331099068691062, 1.1444699506469267, 1.2297047282528852, 1.361216555630751, 1.5023225637022173, 1.3022329681133507, 1.0550898575724634, 0.8932086047119171, 0.8117769854678007, 0.7539446634868582, 0.7191299220528995, 0.6907304475924154, 0.6524294173889457, 0.6390365848813185, 0.6106678336346053]
[1.2053940133749057, 1.1682790709265078, 1.1391522307718045, 1.1418945243503478, 1.1364652966154556, 1.1201436387514465, 1.1475810778156306, 1.1786210257385625, 1.2953763198846158, 1.4476189090288285, 1.6582674909051107, 1.3329480348687104, 1.0721794135183573, 0.9109859088262477, 0.81335201899943, 0.7660272703826914, 0.7005035307477299, 0.6748891358144028, 0.6460699868875116, 0.6077054965664174, 0.610028393296342]
[1.214655453440992, 1.1857552936304439, 1.1927679505450905, 1.1778943887469178, 1.138511950656744, 1.1246982318490943, 1.124097005942565, 1.2180599920441322, 1.3085852381987761, 1.4861209861348188, 1.6653493599524127, 1.3682306849170272, 1.0664633380168116, 0.9097675901670091, 0.8038172510689173, 0.7518871684223949, 0.7178452778528442, 0.6809141937534585, 0.6580698542810308, 0.6147178299534193, 0.6154546902837232]
[1.2243225986782658, 1.2100512956933165, 1.1942086402201235, 1.1812303556619959, 1.1653595334847862, 1.1334374793536872, 1.1672915992721604, 1.2021700434524116, 1.3033343327089568, 1.518386317339376, 1.6594197741886438, 1.3646990533969174, 1.0529704569571772, 0.915307742525839, 0.8194348497477121, 0.7512776898872755, 0.7250320565642667, 0.6842668591284018, 0.6556031707440282, 0.6070473876464655, 0.5802549532446967]
[1.292350264798566, 1.2485980897907354, 1.2368061725797566, 1.2286770015345476, 1.1869486847559083, 1.160628087921047, 1.1801329307999855, 1.2262005549215134, 1.317418471901522, 1.536216861716853, 1.7077770700574888, 1.406954082239679, 1.0800073994985655, 0.9194715237838342, 0.8297146087100647, 0.7521454014684937, 0.7139245991067703, 0.666531372674997, 0.6564577020489363, 0.620822206762172, 0.5943786558836098]
[1.3322821126484754, 1.3014680126721974, 1.2998342430022238, 1.2949927247861452, 1.2162386752232937, 1.2091536159775784, 1.2170873277159997, 1.2515177425482154, 1.3731500405758483, 1.6152362759774985, 1.7595427354673034, 1.4038642029404684, 1.1065556812104385, 0.9350669286263955, 0.8330561820847434, 0.769919054592737, 0.7232544848137473, 0.6931668452717957, 0.6548551309677266, 0.6359080017261255, 0.6143206625857546]
