# BT549_rep2__HCC70_rep1.txt
# 
         7.007093081765049e-01
         7.363698322602288e-01
         3.952429753718263e-01
         5.345340611647944e-01
         3.537467975243759e-01
         6.680401837382464e-01
         7.245352151315854e-01
         5.420584655919489e-01
         8.348364451437951e-01
         5.297617157991309e-01
         7.313012797075898e-01
         6.661825003292394e-01
         6.353401934926360e-01
         6.214135511642287e-01
         7.778474166280622e-01
         7.691342272390975e-01
         5.084036676716869e-01
         5.221929911805514e-01
         7.123771047515199e-01
         6.921980962142903e-01
         7.045222037337274e-01
         7.868887138814238e-01
         5.632241505865879e-01
         4.484565436399634e-01
