# BT549_rep2__MB231.txt
# 
         7.155695735281113e-01
         6.201346537620340e-01
         7.420560949688993e-01
         5.997387436434342e-01
         5.227420767278275e-01
         7.128701336289006e-01
         6.654600092218720e-01
         6.500997580318602e-01
         5.646879933421443e-01
         5.971954590573153e-01
         5.935055366095707e-01
         6.465322765203102e-01
         7.224070904180756e-01
         7.562789235039579e-01
         7.148325640007568e-01
         7.328654992293930e-01
         5.734749471599571e-01
         5.806797182420586e-01
         7.536562583917810e-01
         7.045811193673519e-01
         6.931705344529691e-01
         8.210618380619586e-01
         2.873317067825346e-01
         6.839170568268258e-01
