# BT549_rep1__HCC70_rep2.txt
# 
         7.058614507781300e-01
         7.472772638495564e-01
         4.074014235595490e-01
         5.473501846580824e-01
         3.641026584224716e-01
         6.798105340542993e-01
         7.295117055284989e-01
         5.515351792716608e-01
         8.314107040840377e-01
         5.412310506925569e-01
         7.283553326341650e-01
         6.806811332932167e-01
         6.322917216789262e-01
         6.261184625254850e-01
         7.603650898610391e-01
         7.654242913836288e-01
         4.928259342653775e-01
         5.299733574204919e-01
         7.013682326744367e-01
         6.842085699467035e-01
         7.412864923770535e-01
         7.998518474676347e-01
         5.662233683092546e-01
         1.465184561644300e-01
