# BT549_rep2__HCC70_rep2.txt
# 
         7.067002370094708e-01
         7.415877109897636e-01
         4.042578906098546e-01
         5.405077505139343e-01
         3.668718835034179e-01
         6.800755948331044e-01
         7.305585132123453e-01
         5.554071518342464e-01
         8.345878207946991e-01
         5.393160931496203e-01
         7.365764056646722e-01
         6.873928406022003e-01
         6.276886891008779e-01
         6.312584773883154e-01
         7.757303638730737e-01
         7.765893658665158e-01
         4.922292536480971e-01
         5.338890114633555e-01
         7.032609298634788e-01
         6.920174949273515e-01
         7.325323417949772e-01
         7.955532054912787e-01
         5.661890971402858e-01
         4.127504580487177e-01
