# BT549_rep2__BT549_rep2.txt
# 
         1.000000000000000e+00
         1.000000000000000e+00
         1.000000000000000e+00
         9.999999999999997e-01
         9.999999999999999e-01
         1.000000000000000e+00
         1.000000000000000e+00
         1.000000000000000e+00
         9.999999999999998e-01
         1.000000000000000e+00
         9.999999999999998e-01
         1.000000000000000e+00
         1.000000000000000e+00
         1.000000000000000e+00
         9.999999999999998e-01
         1.000000000000000e+00
         9.999999999999997e-01
         1.000000000000000e+00
         1.000000000000000e+00
         1.000000000000000e+00
         1.000000000000000e+00
         1.000000000000000e+00
         9.999999999999998e-01
         6.531404375441073e-01
