# BT549_rep2__HMEC_rep1.txt
# 
         7.528556653707128e-01
         7.702476619188728e-01
         7.312225544876415e-01
         6.641216517339966e-01
         7.730346110455413e-01
         8.102076590947882e-01
         7.232242694640815e-01
         7.206798589755645e-01
         7.663572726220969e-01
         6.220057883291085e-01
         7.141475841530379e-01
         7.403212285868266e-01
         7.008990019995930e-01
         8.043941989887994e-01
         7.436207970499983e-01
         7.597528884197381e-01
         5.814219862143550e-01
         6.615346384316731e-01
         7.725829165268333e-01
         7.138631392094585e-01
         8.212600625276526e-01
         8.227679966773546e-01
         5.445512563834355e-01
         6.285405016277180e-01
