# BT549_rep1__HMEC_rep1.txt
# 
         7.515326352723842e-01
         7.626153335267357e-01
         7.242946253138058e-01
         6.679737864811699e-01
         7.724873007140419e-01
         8.043566630875442e-01
         7.202387476166732e-01
         7.122799407147437e-01
         7.616682796420716e-01
         6.130272488676096e-01
         6.986972640231915e-01
         7.346387493078012e-01
         6.966076324259788e-01
         7.944446894226506e-01
         7.246363284414998e-01
         7.496778520997426e-01
         5.740048425020849e-01
         6.547366488316854e-01
         7.683788061021157e-01
         7.037094691283032e-01
         8.112272701002722e-01
         8.278236721542820e-01
         5.452423620318297e-01
         5.449841264390484e-01
