# BT549_rep1__BT549_rep2.txt
# 
         9.624569156426449e-01
         9.394877977044616e-01
         9.619116502676170e-01
         9.619876788680516e-01
         9.653579140814847e-01
         9.675089265973096e-01
         9.661737200273457e-01
         9.704664362832148e-01
         9.843672100010573e-01
         9.741150049669129e-01
         9.691828789627535e-01
         9.409585415375445e-01
         9.660721097340049e-01
         9.564105940003225e-01
         9.466799134050731e-01
         9.721318639933829e-01
         9.751337314718748e-01
         9.521504112775404e-01
         9.263780302756588e-01
         9.531777590112381e-01
         9.589526364740549e-01
         9.496920263155577e-01
         9.713175550468438e-01
         4.955162166856848e-01
