# BT549_rep1__HMEC_rep2.txt
# 
         7.432921364277174e-01
         7.904193314268737e-01
         7.268771312463278e-01
         6.919376667460378e-01
         7.816819328525174e-01
         8.198237412413841e-01
         7.323360046177384e-01
         7.477657493460523e-01
         7.658132183356903e-01
         6.494471778041345e-01
         6.926581043976757e-01
         7.797751750069456e-01
         7.045591082785246e-01
         8.051782921442946e-01
         7.408734090854749e-01
         7.644146672899264e-01
         5.437005729135733e-01
         6.699242042022846e-01
         7.614506670709148e-01
         6.788675193457183e-01
         8.106533141796780e-01
         8.154160685358465e-01
         4.937042472863143e-01
         3.112724217891584e-01
