# BT549_rep1__HCC70_rep1.txt
# 
         7.007578161874606e-01
         7.404710314812927e-01
         3.992946516788912e-01
         5.412108228175744e-01
         3.505688228957033e-01
         6.679345380696451e-01
         7.243312085884761e-01
         5.374726807205693e-01
         8.320885261980605e-01
         5.305182218035510e-01
         7.239199401683337e-01
         6.604442162473407e-01
         6.411011851400227e-01
         6.150347435575410e-01
         7.618386779947363e-01
         7.570104315454166e-01
         5.075051716728821e-01
         5.203049656974024e-01
         7.092077025383853e-01
         6.838615943812598e-01
         7.159433597493677e-01
         7.896785931121719e-01
         5.638719294916908e-01
         2.629308469755334e-01
