# BT549_rep2__HMEC_rep2.txt
# 
         7.433413626431929e-01
         7.930972637726073e-01
         7.306895984552139e-01
         6.874675490363226e-01
         7.797963176987542e-01
         8.234455368178351e-01
         7.319756791916899e-01
         7.524350778590586e-01
         7.683362804598619e-01
         6.553989871427335e-01
         7.078727019186632e-01
         7.811391031677047e-01
         7.096998917148234e-01
         8.120406896672768e-01
         7.567796266082500e-01
         7.682286583847370e-01
         5.476532243545225e-01
         6.769780358085563e-01
         7.670606989012987e-01
         6.867993805734229e-01
         8.162837917635213e-01
         8.099746399053943e-01
         4.920984642915701e-01
         6.038111252645090e-01
