# BT549_rep1__MB231.txt
# 
         7.179987805148835e-01
         6.199355416799857e-01
         7.429532633065429e-01
         6.088583777895378e-01
         5.256359199804791e-01
         7.124721411044984e-01
         6.718288652885414e-01
         6.415185764960695e-01
         5.707174377579962e-01
         5.876774109752542e-01
         5.855068481043165e-01
         6.605838420114482e-01
         7.198092198736316e-01
         7.457368838722768e-01
         7.086261103633907e-01
         7.251223557116692e-01
         5.749292809742035e-01
         5.756266113453724e-01
         7.589196380142998e-01
         6.994304795574232e-01
         7.061663875809358e-01
         8.212414216073475e-01
         3.076926649846290e-01
         3.448303736768605e-01
