# HCC70_rep2__HCC70_rep2.txt
# 
         1.000000000000000e+00
         1.000000000000000e+00
         1.000000000000000e+00
         9.999999999999999e-01
         1.000000000000000e+00
         1.000000000000000e+00
         1.000000000000000e+00
         1.000000000000000e+00
         1.000000000000000e+00
         1.000000000000000e+00
         1.000000000000000e+00
         1.000000000000000e+00
         1.000000000000000e+00
         1.000000000000000e+00
         1.000000000000000e+00
         9.999999999999998e-01
         9.999999999999998e-01
         1.000000000000000e+00
         1.000000000000000e+00
         1.000000000000000e+00
         9.999999999999998e-01
         9.999999999999998e-01
         1.000000000000000e+00
         5.707024029574861e-01
