# HCC70_rep1__HCC70_rep2.txt
# 
         9.810200343016012e-01
         9.812937150594390e-01
         9.893979477724618e-01
         9.680854005577628e-01
         9.928373527053611e-01
         9.822743245487444e-01
         9.823231799132291e-01
         9.903895764955356e-01
         9.921982329354146e-01
         9.928362096254070e-01
         9.827062708725725e-01
         9.766994839820948e-01
         9.793723433562086e-01
         9.788531447515803e-01
         9.844451146495810e-01
         9.891484045343000e-01
         9.772478750973718e-01
         9.786050278891598e-01
         9.890129825373938e-01
         9.806528914810160e-01
         9.792574954264903e-01
         9.839328708176308e-01
         9.773101184652181e-01
         1.917387346364632e-01
