# HCC70_rep2__HMEC_rep1.txt
# 
         7.442180583658261e-01
         7.404592419997305e-01
         4.811416275939813e-01
         6.565352465720938e-01
         3.928535628985127e-01
         6.781125494994559e-01
         7.047460190388475e-01
         4.839090256784756e-01
         7.229652701910733e-01
         5.023527807123395e-01
         6.276699617674755e-01
         6.546578176404582e-01
         6.370026655553420e-01
         7.014151544991307e-01
         7.543375173609084e-01
         7.548844581284745e-01
         7.985794077865704e-01
         5.634074176632919e-01
         7.528809151633526e-01
         6.676003310938290e-01
         6.794456567796878e-01
         7.327475404103363e-01
         6.041989918437833e-01
         3.440706309537698e-01
