# HCC70_rep1__HMEC_rep1.txt
# 
         7.325792986948273e-01
         7.441605981236673e-01
         4.708904217082160e-01
         6.585330729036276e-01
         3.840226230116067e-01
         6.746426913254348e-01
         7.048889568783783e-01
         4.743457907867379e-01
         7.267009021167120e-01
         4.956132664359379e-01
         6.126070821732884e-01
         6.627389356183221e-01
         6.232898647749515e-01
         7.033415262412671e-01
         7.619291908691789e-01
         7.505441086794179e-01
         7.919772445617188e-01
         5.575358166197539e-01
         7.601011436261780e-01
         6.456422082251022e-01
         6.568992417234222e-01
         7.253137671967185e-01
         6.000028991445747e-01
         3.819734422250334e-01
