# HCC70_rep2__HMEC_rep2.txt
# 
         7.277524023356394e-01
         7.780477332654395e-01
         5.106056160846687e-01
         6.697786241086311e-01
         3.826378796253732e-01
         6.893628470231669e-01
         7.148620781851779e-01
         5.254179943912003e-01
         7.270681622342906e-01
         5.246136660707532e-01
         6.371702934830182e-01
         6.760691661860085e-01
         6.544519666158637e-01
         7.033075282868942e-01
         7.598008925455016e-01
         7.583289424496359e-01
         7.899240094263187e-01
         5.758899970103126e-01
         7.335532237112089e-01
         6.596445885896133e-01
         7.014507837577694e-01
         7.417355580767577e-01
         5.871166386929608e-01
         3.465445749840970e-01
