# HCC70_rep2__MB231.txt
# 
         6.790036981897366e-01
         5.910083274247603e-01
         4.187064764839593e-01
         6.034003081458790e-01
         6.669686496435618e-01
         6.835272659093580e-01
         6.243697890888322e-01
         5.020957948487133e-01
         4.604004190301467e-01
         2.610435654103549e-01
         5.137701131677515e-01
         6.223953561460548e-01
         6.788917123646857e-01
         5.960350514018777e-01
         6.922203826423650e-01
         8.335042631262087e-01
         8.090329380087280e-01
         5.391623357958535e-01
         7.736755129806369e-01
         6.659874665835074e-01
         6.119893259514316e-01
         7.379386054227254e-01
         4.201179077992479e-01
         4.196894231748178e-01
