# HCC70_rep1__HMEC_rep2.txt
# 
         6.976826079706481e-01
         7.669928171688523e-01
         4.941278836922779e-01
         6.582420163056794e-01
         3.674687592495475e-01
         6.765052214777784e-01
         6.896971233397637e-01
         5.072613293892684e-01
         7.261538980744047e-01
         5.093447112533934e-01
         6.090837495822509e-01
         6.568665246450367e-01
         6.338795787170650e-01
         6.944668974556162e-01
         7.593405661077536e-01
         7.452440297623240e-01
         7.690162301966716e-01
         5.614722747041992e-01
         7.333428511586016e-01
         6.227769439909510e-01
         6.745397979152705e-01
         7.226739791913119e-01
         5.754489970959172e-01
         4.021209557381927e-01
