# HCC70_rep1__MB231.txt
# 
         7.037686317254084e-01
         6.152751874263224e-01
         4.298398895453707e-01
         6.247654931890081e-01
         6.823089411925314e-01
         7.034042776764098e-01
         6.588801689920748e-01
         5.195403797017831e-01
         4.890299146190316e-01
         2.581926676710926e-01
         5.087098137798352e-01
         6.573238509249341e-01
         6.708600142633597e-01
         6.263850071177224e-01
         7.079142562356989e-01
         8.417135981992626e-01
         8.097432263555261e-01
         5.516335851174143e-01
         7.794198767946032e-01
         7.083412821843372e-01
         6.148803815193967e-01
         7.436793342566276e-01
         4.333953254964902e-01
         4.532210888176487e-01
