# HMEC_rep1__HMEC_rep2.txt
# 
         9.553463786588257e-01
         9.588334174516721e-01
         9.684609751829658e-01
         9.595047105157407e-01
         9.625887594963790e-01
         9.643914772490489e-01
         9.488845514657261e-01
         9.464146291116680e-01
         9.711639538113551e-01
         9.612969020295905e-01
         9.630020439733007e-01
         9.383115891468263e-01
         9.565747197552525e-01
         9.667453834178487e-01
         9.618780519845728e-01
         9.701506118256941e-01
         9.665421975794902e-01
         9.577380117852169e-01
         9.584009674848629e-01
         9.511319955024790e-01
         9.723267769022821e-01
         9.529575523170837e-01
         9.461320045496009e-01
         4.274736510452711e-01
