# MB231__HMEC_rep2.txt
# 
         6.521011199014539e-01
         6.258748340400128e-01
         6.259150235169534e-01
         6.640286026219872e-01
         4.878380289395522e-01
         6.826501844239441e-01
         6.740371445644290e-01
         6.274047107637508e-01
         6.849835665753853e-01
         6.819843310180858e-01
         6.661886323211029e-01
         6.134118768253781e-01
         7.188950363227347e-01
         7.398006594180521e-01
         6.485598799509346e-01
         7.229406592983745e-01
         8.129446432125750e-01
         6.314104541758269e-01
         7.405546175794786e-01
         4.260628336320654e-01
         6.838263306685656e-01
         7.933986730639234e-01
         5.815542225242626e-01
         6.293893245145489e-01
