# MB231__HMEC_rep1.txt
# 
         7.040664793308384e-01
         6.402122478232809e-01
         6.420318963924235e-01
         6.764312697152498e-01
         5.262854372900231e-01
         6.931292282033151e-01
         7.243325751890322e-01
         6.512218542258924e-01
         7.082100906122230e-01
         6.941003802733268e-01
         6.617805793197017e-01
         6.706060745826959e-01
         7.075630975947830e-01
         7.490745126638371e-01
         6.788374519508141e-01
         7.220689638214083e-01
         8.221441552913490e-01
         6.369904896169296e-01
         7.718795513773848e-01
         4.690806136761005e-01
         6.609639975880076e-01
         8.348568462145134e-01
         5.977474384408690e-01
         4.895730070261585e-01
